41
0 0 0
1 2 0
2 3 0
3 5 0
4 6 0
5 9 0
6 1 1
7 2 1
8 3 1
9 4 1
10 5 1
11 6 1
12 7 1
13 8 1
14 9 1
15 0 2
16 1 2
17 2 2
18 3 2
19 4 2
20 5 2
21 6 2
22 7 2
23 9 2
24 0 3
25 1 3
26 2 3
27 3 3
28 4 3
29 5 3
30 6 3
31 7 3
32 8 3
33 9 3
34 0 4
35 3 4
36 4 4
37 5 4
38 6 4
39 7 4
40 9 4
40
0 1
0 15
1 7
2 3
2 8
3 10
4 5
4 11
5 14
6 7
8 9
9 19
10 11
11 21
12 22
13 14
13 32
15 16
16 25
17 18
17 26
19 20
19 28
20 29
21 22
23 33
24 25
24 34
25 26
27 28
27 35
28 36
29 30
31 32
31 39
32 33
34 35
36 37
38 39
39 40
