58
0 0 0
1 1 0
2 3 0
3 4 0
4 6 0
5 7 0
6 0 1
7 1 1
8 2 1
9 3 1
10 4 1
11 5 1
12 6 1
13 7 1
14 0 2
15 1 2
16 2 2
17 3 2
18 4 2
19 5 2
20 6 2
21 7 2
22 2 3
23 3 3
24 4 3
25 5 3
26 1 4
27 2 4
28 5 4
29 6 4
30 2 5
31 5 5
32 0 6
33 1 6
34 2 6
35 3 6
36 4 6
37 5 6
38 6 6
39 7 6
40 1 7
41 2 7
42 3 7
43 4 7
44 5 7
45 6 7
46 0 8
47 1 8
48 2 8
49 3 8
50 4 8
51 5 8
52 6 8
53 7 8
54 0 9
55 3 9
56 4 9
57 7 9
77
0 1
0 6
1 2
1 7
2 9
3 4
3 10
4 5
4 12
5 13
6 7
6 14
7 8
7 15
8 9
8 16
9 10
10 11
11 12
11 19
12 13
12 20
13 21
14 15
15 26
16 17
17 23
18 19
18 24
20 21
20 29
22 23
22 27
23 24
24 25
25 28
26 27
26 33
27 30
28 29
28 31
29 38
30 31
30 34
31 37
32 33
32 46
33 34
33 40
34 35
35 42
36 37
36 43
37 38
38 39
38 45
39 53
40 41
40 47
41 42
41 48
42 43
43 44
44 45
44 51
45 52
46 47
46 54
48 49
49 55
50 51
50 56
52 53
53 57
54 55
55 56
56 57
